CHURCH REF,728861.834,2489985.025,2643.634,
43,729211.27,2490030.883,0,COR BEG,
44,728620.556,2490029.076,0,COR,
45,729216.193,2489501.791,0,COR CLO,
46,729219.4,2490145.898,0,16COR JPN48,CPNFS: 8335087
47,730531.7,2491505.331,0,14COR JPN50 JPN48,CPNFS: 2025009019...8054924
48,729206.979,2491485.148,0,16COR JPN51,CPNFS: 111069899...94017589...2025009016
49,729231.823,2488806.64,0,16COR JPN52 JPN46,CPNFS: 8430300...98033917...2019027065
50,730550.892,2488820.659,0,CSECOR JPN49,CPNFS: 8144951...103065489...94025935
51,727882.267,2491464.963,0,SECOR,CPNFS: 111069900...757130...8652487
52,727912.743,2488792.629,0,14COR JPN51,CPNFS: 2018032473...95036656...2014076095...8430298...757128...9265125...8144953
100,728858.019,2490006.186,2643.745,EP BEG
101,728861.845,2489869.213,2642.559,EP
102,728911.269,2489871.226,2642.510,EP
103,728914.095,2489817.176,2642.020,EP
104,728919.965,2489816.515,2642.099,EP
105,728921.979,2489814.376,2642.090,EP
106,728941.044,2489815.259,2642.121,EP
107,728941.441,2489796.404,2641.899,EP
108,728989.097,2489797.439,2641.937,EP
109,728989.098,2489797.440,2641.941,EP
110,728988.378,2489742.564,2642.043,EP
111,729071.494,2489743.539,2641.913,EP
112,729183.464,2489744.819,2641.763,EP
113,729204.119,2489744.781,2642.974,EP
114,729220.638,2489736.299,2643.646,EP
115,729220.599,2489765.762,2643.791,EP
116,729177.884,2489766.518,2642.011,EP PC
117,729174.527,2489767.448,2642.001,EP
118,729173.629,2489769.922,2642.096,EP PT
119,729174.139,2489787.675,2642.615,EP
120,729191.989,2489787.527,2642.569,EP
121,729191.052,2489850.387,2644.002,EP
122,729174.267,2489850.453,2644.147,EP PC
123,729172.247,2489851.345,2644.243,EP
124,729170.950,2489853.013,2644.220,EP PT
125,729166.206,2489852.886,2644.288,EP PC
126,729165.220,2489851.329,2644.362,EP
127,729163.108,2489850.431,2644.278,EP PT
128,729153.314,2489850.358,2644.024,EP
129,729154.585,2489770.698,2641.872,EP PC
130,729153.599,2489767.862,2641.810,EP
131,729149.697,2489766.246,2641.813,EP PT
132,729089.048,2489765.382,2642.103,EP
133,729046.827,2489764.745,2642.218,EP PC
134,729037.072,2489767.632,2642.316,EP
135,729029.930,2489777.623,2642.368,EP PT
136,729029.976,2489780.811,2642.347,EP
137,729029.173,2489782.831,2642.359,EP
138,729039.167,2489834.640,2643.170,EP
139,729046.102,2489868.168,2644.615,EP
140,729047.821,2489873.026,2644.430,EP
141,729047.768,2489896.080,2644.522,EP
142,729040.917,2489914.004,2644.360,EP
143,729025.221,2489954.735,2644.229,EP
144,729024.024,2490008.784,2644.841,EP
145,728951.462,2490007.843,2644.729,EP CLO
146,728995.731,2489959.512,2644.572,TBC BEG
147,728996.079,2489948.927,2644.418,TBC PC
148,728999.492,2489945.485,2644.318,TBC
149,729003.662,2489950.651,2644.515,TBC PT
150,729003.457,2489960.112,2644.668,TBC PC
151,728999.423,2489964.315,2644.700,TBC
152,728995.723,2489959.517,2644.578,TBC PT CLO
153,728997.959,2489885.740,2643.387,TBC BEG
154,728998.362,2489875.361,2643.430,TBC PC
155,729002.171,2489871.426,2643.345,TBC
156,729005.900,2489875.636,2643.354,TBC PT
157,729005.546,2489886.841,2643.579,TBC PC
158,729001.536,2489890.573,2643.620,TBC
159,728997.876,2489885.295,2643.488,TBC PT CLO
160,728999.081,2489850.881,2642.937,TBC BEG
161,728999.267,2489844.684,2642.943,TBC PC
162,729003.158,2489841.411,2642.924,TBC
163,729006.873,2489844.723,2642.969,TBC PT
164,729006.572,2489856.049,2643.130,TBC PC
165,729002.429,2489860.495,2643.143,TBC
166,728998.828,2489856.739,2643.036,TBC PT CLO
167,729030.811,2489879.760,2644.385,TBC BEG
168,729027.486,2489880.050,2644.284,TBC PC
169,729026.135,2489879.542,2644.083,TBC
170,729025.375,2489876.627,2643.868,TBC PT
171,729025.717,2489863.720,2643.462,TBC PC
172,729028.836,2489859.048,2643.707,TBC
173,729032.679,2489862.551,2644.072,TBC PT
174,729032.949,2489867.840,2644.357,TBC
175,729033.076,2489872.557,2644.229,TBC END
176,729032.993,2489896.332,2644.422,TBC BEG
177,729033.097,2489901.683,2644.535,TBC
178,729032.304,2489905.505,2644.448,TBC PC
179,729031.324,2489907.247,2644.444,TBC
180,729029.504,2489908.504,2644.324,TBC PT
181,729028.027,2489908.847,2644.261,TBC PC
182,729027.033,2489908.659,2644.189,TBC
183,729025.851,2489907.517,2644.065,TBC PT
184,729025.294,2489904.864,2644.005,TBC
185,729025.194,2489897.897,2643.972,TBC
186,729025.021,2489891.485,2643.888,TBC PC
187,729025.393,2489890.379,2644.010,TBC
188,729027.692,2489889.552,2644.344,TBC PT
189,729030.570,2489889.391,2644.736,TBC END
190,729043.036,2489853.697,2643.798,CPAD BEG
191,729051.143,2489853.944,2644.957,CPAD
192,729051.426,2489849.935,2645.086,CPAD
193,729042.407,2489849.742,2643.737,CPAD CLO
194,729030.020,2489780.782,2642.384,CPAD BEG
195,729030.114,2489777.683,2642.418,CPAD
196,729076.852,2489778.106,2645.042,CPAD
197,729076.820,2489781.071,2645.372,CPAD
198,729049.836,2489781.287,2643.254,CPAD
199,729041.711,2489781.096,2642.725,CPAD CLO
200,729099.066,2489809.350,2644.054,CPAD BEG
201,729099.043,2489814.588,2643.992,CPAD
202,729094.029,2489814.340,2644.023,CPAD
203,729093.643,2489809.153,2643.874,CPAD CLO
204,729147.186,2489854.178,2645.030,CPAD BEG
205,729151.131,2489854.257,2644.914,CPAD END
206,729166.181,2489852.972,2644.470,CPAD BEG
207,729170.895,2489853.034,2644.303,CPAD END
208,729202.562,2489818.828,2643.877,CPAD BEG
209,729213.295,2489819.101,2644.336,CPAD
210,729213.376,2489814.048,2644.358,CPAD
211,729202.670,2489813.901,2643.874,CPAD CLO
212,729178.127,2489918.316,2644.225,CPAD BEG
213,729175.200,2489918.279,2644.300,CPAD END
214,729170.054,2489918.348,2644.756,CPAD BEG
215,729165.473,2489918.265,2644.822,CPAD END
216,729149.935,2489917.810,2644.179,CPAD BEG
217,729146.023,2489917.732,2643.803,CPAD END
218,729104.902,2489923.007,2644.392,CPAD BEG
219,729104.772,2489927.878,2644.479,CPAD
220,729100.331,2489927.833,2644.422,CPAD
221,729100.428,2489922.941,2644.306,CPAD CLO
222,729097.827,2489917.789,2643.860,CPAD BEG
223,729093.588,2489917.562,2643.646,CPAD
224,729093.467,2489931.772,2644.682,CPAD
225,729097.543,2489931.883,2644.273,CPAD CLO
226,729101.345,2489925.083,2645.189,TRANS
227,729092.588,2489964.984,2645.129,CPAD BEG
228,729092.586,2489968.952,2645.119,CPAD END
229,729088.480,2489978.153,2644.120,CPAD BEG
230,729084.505,2489978.146,2644.013,CPAD END
231,729057.610,2489978.011,2644.926,CPAD BEG
232,729053.696,2489977.947,2645.041,CPAD END
233,729038.561,2489920.170,2644.330,CPAD BEG
234,729036.985,2489924.279,2644.317,CPAD
235,729049.125,2489929.320,2644.828,CPAD
236,729050.456,2489929.402,2645.069,CPAD
237,729050.522,2489925.423,2645.027,CPAD
238,729049.198,2489925.373,2644.846,CPAD CLO
239,729030.724,2489895.961,2644.800,CPAD BEG
240,729048.380,2489896.199,2644.751,CPAD
241,729049.254,2489873.364,2644.746,CPAD
242,729031.002,2489872.876,2643.941,CPAD CLO
243,729001.871,2489928.703,2643.890,LP
244,728854.411,2489938.477,2644.677,LP
245,728876.577,2489777.284,2644.602,LP
246,729075.627,2489734.841,2643.987,LP
247,729090.816,2489732.405,2641.686,IRBOX BEG
248,729091.172,2489735.431,2641.893,IRBOX
249,729096.219,2489734.921,2641.660,IRBOX
250,729095.821,2489731.920,2641.806,IRBOX CLO
251,729177.883,2489768.742,2642.191,MBOX
252,729217.874,2489731.927,2643.930,SP
253,729222.494,2489703.938,2643.391,TELPED
254,729219.131,2489687.848,2643.775,PP
255,729221.004,2489613.804,2643.325,SP
256,729218.707,2489535.280,2642.968,PP
257,729214.401,2489524.318,2642.327,FL BEG
258,729215.285,2489470.613,2642.341,FL END
259,729213.492,2489455.583,2642.257,FL BEG
260,729213.120,2489463.594,2642.585,FL
261,729207.346,2489479.741,2641.873,FL
262,729211.806,2489474.516,2642.297,IBOX BEG
263,729214.726,2489474.420,2642.313,IBOX
264,729214.825,2489477.357,2642.253,IBOX
265,729211.882,2489477.407,2642.253,IBOX CLO
266,729200.512,2489485.392,2641.474,TELBOX
267,729198.584,2489483.349,2641.426,TELPED
268,729192.693,2489488.668,2641.208,PM
269,729192.491,2489489.404,2642.868,PP
270,729191.561,2489487.787,2641.609,CPAD BEG
271,729183.595,2489487.772,2641.694,CPAD
272,729183.607,2489479.908,2641.685,CPAD
273,729191.556,2489480.034,2641.542,CPAD CLO
274,729185.640,2489486.109,2641.652,TRANS
275,729190.710,2489481.900,2641.599,PM
276,729175.280,2489479.331,2641.948,FL
277,729117.856,2489479.763,2642.102,FL
278,729154.552,2489516.684,2638.131,BLD BEG
279,729159.589,2489523.063,2637.847,BLD
280,729166.467,2489517.651,2637.844,BLD
281,729161.430,2489511.280,2638.176,BLD CLO
282,729048.074,2489479.455,2642.051,FL
283,728877.202,2489477.446,2642.008,FL
284,728878.120,2489477.677,2641.991,F12 BENT
285,728859.270,2489491.460,2641.949,TREE
286,728857.625,2489516.829,2641.723,FL2 BEG
287,728808.844,2489492.296,2642.095,TREE
288,728759.024,2489492.525,2641.951,TREE
289,728708.861,2489492.021,2643.936,TREE
290,728723.587,2489510.921,2642.191,BENCH BEG
291,728703.355,2489510.981,2642.003,BENCH END
292,728683.707,2489516.527,2642.082,FL2
293,728659.486,2489490.944,2643.617,TREE
294,728659.712,2489540.358,2642.443,FL2
295,728654.211,2489560.212,2642.895,BENCH BEG
296,728654.080,2489580.071,2642.936,BENCH END
297,728659.903,2489714.306,2643.089,FL2 END
298,728615.252,2489716.778,2646.475,TREE
299,728615.756,2489667.075,2646.134,TREE
300,728616.437,2489617.418,2646.135,TREE
301,728618.196,2489568.392,2645.914,TREE
302,728619.566,2489517.542,2645.213,TREE
303,728658.279,2489492.723,2642.541,TREE
304,728617.550,2489478.377,2644.413,FL
305,728617.114,2489467.676,2643.763,FL
306,728602.658,2489467.682,2643.554,FL
307,728602.486,2489443.534,2643.412,FL
308,728602.409,2489423.680,2643.433,FL END
309,728602.080,2489423.372,2643.421,BS BEG
310,728598.114,2489423.523,2643.289,TBC BEG
311,728597.342,2489423.595,2642.849,FL BEG
312,728596.126,2489423.622,2642.878,LIP BEG
313,728596.124,2489423.628,2642.892,EP BEG
314,728574.358,2489422.456,2643.311,EP
315,728602.632,2489473.307,2643.713,BS
316,728598.864,2489473.464,2643.407,TBC END
317,728598.108,2489473.217,2643.027,FL END
318,728596.848,2489473.372,2643.129,TOE END
319,728596.819,2489473.513,2643.122,EP
320,728602.792,2489473.599,2643.725,EP
321,728602.961,2489485.554,2643.291,EP
322,728609.152,2489480.614,2643.559,FL BEG
323,728607.463,2489484.175,2643.521,SP
324,728605.349,2489557.262,2644.090,SP
325,728601.217,2489639.618,2643.793,EP
326,728592.997,2489645.916,2643.948,EP
327,728592.322,2489684.440,2644.037,EP
328,728598.331,2489684.862,2644.013,EP
329,728593.511,2489683.365,2644.164,SP
330,728594.413,2489655.542,2644.010,PP
331,728594.380,2489650.009,2644.073,TELPED
332,728600.218,2489723.525,2644.046,SP
333,728599.248,2489756.603,2644.512,FL END
334,728599.372,2489759.863,2644.556,FL BEG
335,728595.529,2489826.436,2644.413,SP
336,728595.624,2489855.525,2643.863,SP
337,728592.912,2489929.649,2643.730,SP
338,728591.016,2490001.389,2645.060,FL END
339,728565.905,2490008.092,2644.395,FL BEG
340,728582.360,2490009.059,2644.938,FL
341,728580.201,2490035.606,2645.267,FL END
342,728674.577,2490001.129,2643.914,BLD BEG
343,728675.478,2490021.448,2644.249,BLD
344,728683.839,2490020.992,2644.112,BLD
345,728682.606,2490000.626,2644.018,BLD END
346,728674.406,2490031.945,2644.135,FL BEG
347,728696.821,2490026.568,2643.834,FL
348,728697.834,2490025.223,2643.803,SPIG
349,728767.872,2490024.913,2643.501,SPIG
350,728770.470,2490027.109,2643.416,FL
351,728808.968,2490014.641,2643.720,CPAD BEG
352,728808.948,2490024.630,2643.751,CPAD
353,728848.161,2490025.629,2643.869,CPAD
354,728848.193,2490015.352,2643.400,CPAD
355,728844.037,2490014.826,2643.949,CPAD
356,728844.307,2490008.353,2643.333,CPAD
357,728838.141,2490008.227,2643.366,CPAD
358,728837.972,2490014.765,2643.738,CPAD
359,728821.907,2490014.467,2643.692,CPAD
360,728822.018,2490007.805,2643.222,CPAD
361,728816.040,2490007.780,2643.130,CPAD
362,728815.740,2490014.323,2643.392,CPAD CLO
363,728626.637,2489877.857,2643.538,SPIG
364,728811.671,2489819.250,2642.355,SPIG
365,728793.991,2489856.968,2641.574,FCX
366,728851.156,2490027.568,2643.686,FL
367,728875.401,2490022.664,2645.120,TREE
368,728933.168,2490023.349,2645.539,TREE
369,728974.144,2490029.157,2645.168,FL
370,728980.626,2490027.635,2645.170,FL
371,728988.911,2490027.910,2645.458,FL
372,728994.478,2490029.647,2645.274,FL
373,729030.481,2490029.770,2644.932,FL
374,729179.478,2490030.238,2645.041,FL END
375,729178.557,2490029.818,2644.958,FL
376,729209.265,2490031.684,2645.325,TREE
377,729219.420,2490031.175,2646.155,PP
378,729220.340,2490032.991,2646.570,BS BEG
379,729225.325,2490033.029,2646.500,TBC BEG
380,729225.944,2490032.998,2646.090,FLOW BEG
381,729227.294,2490033.141,2646.147,LIP BEG
382,729219.286,2490005.663,2645.656,SP
383,729219.515,2489989.939,2645.817,SP
384,729223.176,2489928.095,2645.389,TELPED
385,729219.095,2489916.689,2645.037,PP
386,729218.270,2489886.877,2644.934,LP
387,729218.280,2489886.871,2644.926,PM
388,729180.177,2489918.461,2644.517,FL END
389,729220.889,2489771.873,2643.857,BS
390,729225.707,2489770.814,2643.762,TBC END
391,729226.461,2489770.923,2643.379,FLOW
392,729227.777,2489770.791,2643.430,LIP
393,729225.672,2489767.780,2643.440,TBFC BEG
394,729225.821,2489736.954,2643.307,TBFC END
395,729226.523,2489736.419,2643.218,FLOW
396,729227.841,2489736.366,2643.293,LIP
397,729220.714,2489735.858,2643.678,BS
398,729220.860,2489728.987,2643.546,BS
399,729218.945,2489728.765,2643.639,BS
400,729218.653,2489716.363,2643.753,BS
401,729220.869,2489716.206,2643.630,BS
402,729220.785,2489713.853,2643.639,BS PC
403,729220.286,2489711.773,2643.699,BS
404,729219.042,2489709.846,2643.662,BS PT
405,729218.573,2489709.163,2643.638,BS PC
406,729217.132,2489702.659,2643.542,BS
407,729219.523,2489695.094,2643.567,BS PT
408,729219.977,2489694.173,2643.570,BS PC
409,729220.561,2489692.808,2643.595,BS
410,729220.988,2489690.400,2643.531,BS PT
411,729225.885,2489731.908,2643.671,TBC BEG
412,729227.187,2489729.808,2643.227,SDINLET
413,729225.928,2489668.801,2643.445,TBC END
414,729220.752,2489674.138,2643.427,TBC BEG
415,729218.497,2489668.985,2643.780,TBC
416,729218.447,2489650.960,2643.842,TBC
417,729220.456,2489646.181,2643.563,TBC END
418,729226.003,2489651.276,2643.408,TBC BEG
419,729223.888,2489657.784,2643.136,PED BEG
420,729223.850,2489662.760,2643.175,PED
421,729225.905,2489662.779,2643.117,PED
422,729225.902,2489657.780,2643.117,PED CLO
423,729220.964,2489673.501,2643.492,BS
424,729219.102,2489669.006,2643.522,BS
425,729218.962,2489651.100,2643.419,BS
426,729221.407,2489644.732,2643.468,BS
427,729220.698,2489460.817,2642.424,BS
428,729220.700,2489460.818,2642.432,BS END
429,729225.810,2489460.987,2642.351,TBC END
430,729226.701,2489461.066,2641.954,FLOW END
431,729227.630,2489461.086,2642.013,LIP END
432,729239.442,2489474.209,2642.362,SS
433,729235.418,2489509.612,2642.536,SS
434,729181.669,2489648.102,2641.818,TREE
435,729184.175,2489623.129,2641.827,TREE
436,729130.086,2489636.551,2641.975,TREE
437,729133.607,2489656.780,2642.706,TREE
438,729091.316,2489685.305,2642.199,TREE
439,729091.025,2489662.299,2641.231,TREE
440,729053.433,2489640.667,2637.374,TREE
441,729051.640,2489654.354,2635.051,INV
442,729015.966,2489654.575,2641.966,BLD BEG
443,729008.125,2489652.690,2641.915,BLD
444,729005.206,2489665.587,2641.179,BLD
445,729013.392,2489667.132,2641.813,BLD CLO
446,728984.958,2489662.840,2641.616,TREE
447,728955.161,2489689.128,2642.005,TREE
448,728920.694,2489726.365,2641.704,SP
449,728887.118,2489747.425,2642.550,TREE
450,728840.481,2489752.732,2642.380,TREE
451,728607.296,2489763.158,2645.962,FL
452,728589.925,2489941.016,2643.271,EP
453,728581.957,2489970.035,2643.271,EP
454,728581.375,2489976.794,2643.405,EP
455,728564.695,2489977.317,2642.957,EP
456,728563.762,2489973.004,2642.879,SDINLET
457,728578.511,2489929.639,2643.311,SS
458,728569.700,2489942.188,2643.053,WM
459,728564.886,2489803.460,2643.292,EP
460,728570.270,2489719.562,2643.936,EP
461,728573.420,2489481.420,2643.374,EP CLO
462,728579.140,2489599.484,2643.807,SS
463,728584.375,2489652.235,2644.231,SS
464,728855.683,2489785.074,2642.026,FL
465,728853.769,2489787.735,2642.215,FL
466,728851.101,2490026.823,2643.683,FL END
467,729047.783,2490026.193,2629.102,FL BEG
468,729052.046,2489976.158,2644.768,FL END

